125
0 1 2 3 12 13 14 15 72 73 74 75 84 85 86 87 
72 73 74 75 84 85 86 87 144 145 146 147 156 157 158 159 
144 145 146 147 156 157 158 159 216 217 218 219 228 229 230 231 
216 217 218 219 228 229 230 231 288 289 290 291 300 301 302 303 
288 289 290 291 300 301 302 303 360 361 362 363 372 373 374 375 
12 13 14 15 24 25 26 27 84 85 86 87 96 97 98 99 
84 85 86 87 96 97 98 99 156 157 158 159 168 169 170 171 
156 157 158 159 168 169 170 171 228 229 230 231 240 241 242 243 
228 229 230 231 240 241 242 243 300 301 302 303 312 313 314 315 
300 301 302 303 312 313 314 315 372 373 374 375 384 385 386 387 
24 25 26 27 36 37 38 39 96 97 98 99 108 109 110 111 
96 97 98 99 108 109 110 111 168 169 170 171 180 181 182 183 
168 169 170 171 180 181 182 183 240 241 242 243 252 253 254 255 
240 241 242 243 252 253 254 255 312 313 314 315 324 325 326 327 
312 313 314 315 324 325 326 327 384 385 386 387 396 397 398 399 
36 37 38 39 48 49 50 51 108 109 110 111 120 121 122 123 
108 109 110 111 120 121 122 123 180 181 182 183 192 193 194 195 
180 181 182 183 192 193 194 195 252 253 254 255 264 265 266 267 
252 253 254 255 264 265 266 267 324 325 326 327 336 337 338 339 
324 325 326 327 336 337 338 339 396 397 398 399 408 409 410 411 
48 49 50 51 60 61 62 63 120 121 122 123 132 133 134 135 
120 121 122 123 132 133 134 135 192 193 194 195 204 205 206 207 
192 193 194 195 204 205 206 207 264 265 266 267 276 277 278 279 
264 265 266 267 276 277 278 279 336 337 338 339 348 349 350 351 
336 337 338 339 348 349 350 351 408 409 410 411 420 421 422 423 
2 3 4 5 14 15 16 17 74 75 76 77 86 87 88 89 
74 75 76 77 86 87 88 89 146 147 148 149 158 159 160 161 
146 147 148 149 158 159 160 161 218 219 220 221 230 231 232 233 
218 219 220 221 230 231 232 233 290 291 292 293 302 303 304 305 
290 291 292 293 302 303 304 305 362 363 364 365 374 375 376 377 
14 15 16 17 26 27 28 29 86 87 88 89 98 99 100 101 
86 87 88 89 98 99 100 101 158 159 160 161 170 171 172 173 
158 159 160 161 170 171 172 173 230 231 232 233 242 243 244 245 
230 231 232 233 242 243 244 245 302 303 304 305 314 315 316 317 
302 303 304 305 314 315 316 317 374 375 376 377 386 387 388 389 
26 27 28 29 38 39 40 41 98 99 100 101 110 111 112 113 
98 99 100 101 110 111 112 113 170 171 172 173 182 183 184 185 
170 171 172 173 182 183 184 185 242 243 244 245 254 255 256 257 
242 243 244 245 254 255 256 257 314 315 316 317 326 327 328 329 
314 315 316 317 326 327 328 329 386 387 388 389 398 399 400 401 
38 39 40 41 50 51 52 53 110 111 112 113 122 123 124 125 
110 111 112 113 122 123 124 125 182 183 184 185 194 195 196 197 
182 183 184 185 194 195 196 197 254 255 256 257 266 267 268 269 
254 255 256 257 266 267 268 269 326 327 328 329 338 339 340 341 
326 327 328 329 338 339 340 341 398 399 400 401 410 411 412 413 
50 51 52 53 62 63 64 65 122 123 124 125 134 135 136 137 
122 123 124 125 134 135 136 137 194 195 196 197 206 207 208 209 
194 195 196 197 206 207 208 209 266 267 268 269 278 279 280 281 
266 267 268 269 278 279 280 281 338 339 340 341 350 351 352 353 
338 339 340 341 350 351 352 353 410 411 412 413 422 423 424 425 
4 5 6 7 16 17 18 19 76 77 78 79 88 89 90 91 
76 77 78 79 88 89 90 91 148 149 150 151 160 161 162 163 
148 149 150 151 160 161 162 163 220 221 222 223 232 233 234 235 
220 221 222 223 232 233 234 235 292 293 294 295 304 305 306 307 
292 293 294 295 304 305 306 307 364 365 366 367 376 377 378 379 
16 17 18 19 28 29 30 31 88 89 90 91 100 101 102 103 
88 89 90 91 100 101 102 103 160 161 162 163 172 173 174 175 
160 161 162 163 172 173 174 175 232 233 234 235 244 245 246 247 
232 233 234 235 244 245 246 247 304 305 306 307 316 317 318 319 
304 305 306 307 316 317 318 319 376 377 378 379 388 389 390 391 
28 29 30 31 40 41 42 43 100 101 102 103 112 113 114 115 
100 101 102 103 112 113 114 115 172 173 174 175 184 185 186 187 
172 173 174 175 184 185 186 187 244 245 246 247 256 257 258 259 
244 245 246 247 256 257 258 259 316 317 318 319 328 329 330 331 
316 317 318 319 328 329 330 331 388 389 390 391 400 401 402 403 
40 41 42 43 52 53 54 55 112 113 114 115 124 125 126 127 
112 113 114 115 124 125 126 127 184 185 186 187 196 197 198 199 
184 185 186 187 196 197 198 199 256 257 258 259 268 269 270 271 
256 257 258 259 268 269 270 271 328 329 330 331 340 341 342 343 
328 329 330 331 340 341 342 343 400 401 402 403 412 413 414 415 
52 53 54 55 64 65 66 67 124 125 126 127 136 137 138 139 
124 125 126 127 136 137 138 139 196 197 198 199 208 209 210 211 
196 197 198 199 208 209 210 211 268 269 270 271 280 281 282 283 
268 269 270 271 280 281 282 283 340 341 342 343 352 353 354 355 
340 341 342 343 352 353 354 355 412 413 414 415 424 425 426 427 
6 7 8 9 18 19 20 21 78 79 80 81 90 91 92 93 
78 79 80 81 90 91 92 93 150 151 152 153 162 163 164 165 
150 151 152 153 162 163 164 165 222 223 224 225 234 235 236 237 
222 223 224 225 234 235 236 237 294 295 296 297 306 307 308 309 
294 295 296 297 306 307 308 309 366 367 368 369 378 379 380 381 
18 19 20 21 30 31 32 33 90 91 92 93 102 103 104 105 
90 91 92 93 102 103 104 105 162 163 164 165 174 175 176 177 
162 163 164 165 174 175 176 177 234 235 236 237 246 247 248 249 
234 235 236 237 246 247 248 249 306 307 308 309 318 319 320 321 
306 307 308 309 318 319 320 321 378 379 380 381 390 391 392 393 
30 31 32 33 42 43 44 45 102 103 104 105 114 115 116 117 
102 103 104 105 114 115 116 117 174 175 176 177 186 187 188 189 
174 175 176 177 186 187 188 189 246 247 248 249 258 259 260 261 
246 247 248 249 258 259 260 261 318 319 320 321 330 331 332 333 
318 319 320 321 330 331 332 333 390 391 392 393 402 403 404 405 
42 43 44 45 54 55 56 57 114 115 116 117 126 127 128 129 
114 115 116 117 126 127 128 129 186 187 188 189 198 199 200 201 
186 187 188 189 198 199 200 201 258 259 260 261 270 271 272 273 
258 259 260 261 270 271 272 273 330 331 332 333 342 343 344 345 
330 331 332 333 342 343 344 345 402 403 404 405 414 415 416 417 
54 55 56 57 66 67 68 69 126 127 128 129 138 139 140 141 
126 127 128 129 138 139 140 141 198 199 200 201 210 211 212 213 
198 199 200 201 210 211 212 213 270 271 272 273 282 283 284 285 
270 271 272 273 282 283 284 285 342 343 344 345 354 355 356 357 
342 343 344 345 354 355 356 357 414 415 416 417 426 427 428 429 
8 9 10 11 20 21 22 23 80 81 82 83 92 93 94 95 
80 81 82 83 92 93 94 95 152 153 154 155 164 165 166 167 
152 153 154 155 164 165 166 167 224 225 226 227 236 237 238 239 
224 225 226 227 236 237 238 239 296 297 298 299 308 309 310 311 
296 297 298 299 308 309 310 311 368 369 370 371 380 381 382 383 
20 21 22 23 32 33 34 35 92 93 94 95 104 105 106 107 
92 93 94 95 104 105 106 107 164 165 166 167 176 177 178 179 
164 165 166 167 176 177 178 179 236 237 238 239 248 249 250 251 
236 237 238 239 248 249 250 251 308 309 310 311 320 321 322 323 
308 309 310 311 320 321 322 323 380 381 382 383 392 393 394 395 
32 33 34 35 44 45 46 47 104 105 106 107 116 117 118 119 
104 105 106 107 116 117 118 119 176 177 178 179 188 189 190 191 
176 177 178 179 188 189 190 191 248 249 250 251 260 261 262 263 
248 249 250 251 260 261 262 263 320 321 322 323 332 333 334 335 
320 321 322 323 332 333 334 335 392 393 394 395 404 405 406 407 
44 45 46 47 56 57 58 59 116 117 118 119 128 129 130 131 
116 117 118 119 128 129 130 131 188 189 190 191 200 201 202 203 
188 189 190 191 200 201 202 203 260 261 262 263 272 273 274 275 
260 261 262 263 272 273 274 275 332 333 334 335 344 345 346 347 
332 333 334 335 344 345 346 347 404 405 406 407 416 417 418 419 
56 57 58 59 68 69 70 71 128 129 130 131 140 141 142 143 
128 129 130 131 140 141 142 143 200 201 202 203 212 213 214 215 
200 201 202 203 212 213 214 215 272 273 274 275 284 285 286 287 
272 273 274 275 284 285 286 287 344 345 346 347 356 357 358 359 
344 345 346 347 356 357 358 359 416 417 418 419 428 429 430 431 
