304
0	1.000000000000000
1	1.000000000000000
2	0.818730753077982
3	1.000000000000000
4	0.670320046035639
5	1.000000000000000
6	0.548811636094027
7	1.000000000000000
8	0.449328964117222
9	1.000000000000000
10	0.367879441171442
11	1.000000000000000
12	0.818730753077982
13	0.818730753077982
14	0.670320046035639
15	0.818730753077982
16	0.548811636094026
17	0.818730753077982
18	0.449328964117222
19	0.818730753077982
20	0.367879441171442
21	0.818730753077982
22	0.301194211912202
23	0.818730753077982
24	0.670320046035639
25	0.670320046035639
26	0.548811636094026
27	0.670320046035639
28	0.449328964117222
29	0.670320046035639
30	0.367879441171442
31	0.670320046035639
32	0.301194211912202
33	0.670320046035639
34	0.246596963941606
35	0.670320046035639
36	0.548811636094027
37	0.548811636094027
38	0.449328964117222
39	0.548811636094027
40	0.367879441171442
41	0.548811636094027
42	0.301194211912202
43	0.548811636094027
44	0.246596963941606
45	0.548811636094027
46	0.201896517994655
47	0.548811636094027
48	0.449328964117222
49	0.449328964117222
50	0.367879441171442
51	0.449328964117222
52	0.301194211912202
53	0.449328964117222
54	0.246596963941606
55	0.449328964117222
56	0.201896517994655
57	0.449328964117222
58	0.165298888221587
59	0.449328964117222
60	0.367879441171442
61	0.367879441171442
62	0.301194211912202
63	0.367879441171442
64	0.246596963941606
65	0.367879441171442
66	0.201896517994655
67	0.367879441171442
68	0.165298888221587
69	0.367879441171442
70	0.135335283236613
71	0.367879441171442
72	1.000000000000000
73	0.818730753077982
74	0.818730753077982
75	0.818730753077982
76	0.670320046035639
77	0.818730753077982
78	0.548811636094027
79	0.818730753077982
80	0.449328964117222
81	0.818730753077982
82	0.367879441171442
83	0.818730753077982
84	0.818730753077982
85	0.670320046035639
94	0.301194211912202
95	0.670320046035639
96	0.670320046035639
97	0.548811636094026
106	0.246596963941606
107	0.548811636094026
108	0.548811636094027
109	0.449328964117222
118	0.201896517994655
119	0.449328964117222
120	0.449328964117222
121	0.367879441171442
130	0.165298888221587
131	0.367879441171442
132	0.367879441171442
133	0.301194211912202
134	0.301194211912202
135	0.301194211912202
136	0.246596963941606
137	0.301194211912202
138	0.201896517994655
139	0.301194211912202
140	0.165298888221587
141	0.301194211912202
142	0.135335283236613
143	0.301194211912202
144	1.000000000000000
145	0.670320046035639
146	0.818730753077982
147	0.670320046035639
148	0.670320046035639
149	0.670320046035639
150	0.548811636094027
151	0.670320046035639
152	0.449328964117222
153	0.670320046035639
154	0.367879441171442
155	0.670320046035639
156	0.818730753077982
157	0.548811636094026
166	0.301194211912202
167	0.548811636094026
168	0.670320046035639
169	0.449328964117222
178	0.246596963941606
179	0.449328964117222
180	0.548811636094027
181	0.367879441171442
190	0.201896517994655
191	0.367879441171442
192	0.449328964117222
193	0.301194211912202
202	0.165298888221587
203	0.301194211912202
204	0.367879441171442
205	0.246596963941606
206	0.301194211912202
207	0.246596963941606
208	0.246596963941606
209	0.246596963941606
210	0.201896517994655
211	0.246596963941606
212	0.165298888221587
213	0.246596963941606
214	0.135335283236613
215	0.246596963941606
216	1.000000000000000
217	0.548811636094027
218	0.818730753077982
219	0.548811636094027
220	0.670320046035639
221	0.548811636094027
222	0.548811636094027
223	0.548811636094027
224	0.449328964117222
225	0.548811636094027
226	0.367879441171442
227	0.548811636094027
228	0.818730753077982
229	0.449328964117222
238	0.301194211912202
239	0.449328964117222
240	0.670320046035639
241	0.367879441171442
250	0.246596963941606
251	0.367879441171442
252	0.548811636094027
253	0.301194211912202
262	0.201896517994655
263	0.301194211912202
264	0.449328964117222
265	0.246596963941606
274	0.165298888221587
275	0.246596963941606
276	0.367879441171442
277	0.201896517994655
278	0.301194211912202
279	0.201896517994655
280	0.246596963941606
281	0.201896517994655
282	0.201896517994655
283	0.201896517994655
284	0.165298888221587
285	0.201896517994655
286	0.135335283236613
287	0.201896517994655
288	1.000000000000000
289	0.449328964117222
290	0.818730753077982
291	0.449328964117222
292	0.670320046035639
293	0.449328964117222
294	0.548811636094027
295	0.449328964117222
296	0.449328964117222
297	0.449328964117222
298	0.367879441171442
299	0.449328964117222
300	0.818730753077982
301	0.367879441171442
310	0.301194211912202
311	0.367879441171442
312	0.670320046035639
313	0.301194211912202
322	0.246596963941606
323	0.301194211912202
324	0.548811636094027
325	0.246596963941606
334	0.201896517994655
335	0.246596963941606
336	0.449328964117222
337	0.201896517994655
346	0.165298888221587
347	0.201896517994655
348	0.367879441171442
349	0.165298888221587
350	0.301194211912202
351	0.165298888221587
352	0.246596963941606
353	0.165298888221587
354	0.201896517994655
355	0.165298888221587
356	0.165298888221587
357	0.165298888221587
358	0.135335283236613
359	0.165298888221587
360	1.000000000000000
361	0.367879441171442
362	0.818730753077982
363	0.367879441171442
364	0.670320046035639
365	0.367879441171442
366	0.548811636094027
367	0.367879441171442
368	0.449328964117222
369	0.367879441171442
370	0.367879441171442
371	0.367879441171442
372	0.818730753077982
373	0.301194211912202
374	0.670320046035639
375	0.301194211912202
376	0.548811636094026
377	0.301194211912202
378	0.449328964117222
379	0.301194211912202
380	0.367879441171442
381	0.301194211912202
382	0.301194211912202
383	0.301194211912202
384	0.670320046035639
385	0.246596963941606
386	0.548811636094026
387	0.246596963941606
388	0.449328964117222
389	0.246596963941606
390	0.367879441171442
391	0.246596963941606
392	0.301194211912202
393	0.246596963941606
394	0.246596963941606
395	0.246596963941606
396	0.548811636094027
397	0.201896517994655
398	0.449328964117222
399	0.201896517994655
400	0.367879441171442
401	0.201896517994655
402	0.301194211912202
403	0.201896517994655
404	0.246596963941606
405	0.201896517994655
406	0.201896517994655
407	0.201896517994655
408	0.449328964117222
409	0.165298888221587
410	0.367879441171442
411	0.165298888221587
412	0.301194211912202
413	0.165298888221587
414	0.246596963941606
415	0.165298888221587
416	0.201896517994655
417	0.165298888221587
418	0.165298888221587
419	0.165298888221587
420	0.367879441171442
421	0.135335283236613
422	0.301194211912202
423	0.135335283236613
424	0.246596963941606
425	0.135335283236613
426	0.201896517994655
427	0.135335283236613
428	0.165298888221587
429	0.135335283236613
430	0.135335283236613
431	0.135335283236613
0
0