150
0 1 2 3 12 13 14 15 
12 13 14 15 24 25 26 27 
24 25 26 27 36 37 38 39 
36 37 38 39 48 49 50 51 
48 49 50 51 60 61 62 63 
2 3 4 5 14 15 16 17 
14 15 16 17 26 27 28 29 
26 27 28 29 38 39 40 41 
38 39 40 41 50 51 52 53 
50 51 52 53 62 63 64 65 
4 5 6 7 16 17 18 19 
16 17 18 19 28 29 30 31 
28 29 30 31 40 41 42 43 
40 41 42 43 52 53 54 55 
52 53 54 55 64 65 66 67 
6 7 8 9 18 19 20 21 
18 19 20 21 30 31 32 33 
30 31 32 33 42 43 44 45 
42 43 44 45 54 55 56 57 
54 55 56 57 66 67 68 69 
8 9 10 11 20 21 22 23 
20 21 22 23 32 33 34 35 
32 33 34 35 44 45 46 47 
44 45 46 47 56 57 58 59 
56 57 58 59 68 69 70 71 
360 361 362 363 372 373 374 375 
372 373 374 375 384 385 386 387 
384 385 386 387 396 397 398 399 
396 397 398 399 408 409 410 411 
408 409 410 411 420 421 422 423 
362 363 364 365 374 375 376 377 
374 375 376 377 386 387 388 389 
386 387 388 389 398 399 400 401 
398 399 400 401 410 411 412 413 
410 411 412 413 422 423 424 425 
364 365 366 367 376 377 378 379 
376 377 378 379 388 389 390 391 
388 389 390 391 400 401 402 403 
400 401 402 403 412 413 414 415 
412 413 414 415 424 425 426 427 
366 367 368 369 378 379 380 381 
378 379 380 381 390 391 392 393 
390 391 392 393 402 403 404 405 
402 403 404 405 414 415 416 417 
414 415 416 417 426 427 428 429 
368 369 370 371 380 381 382 383 
380 381 382 383 392 393 394 395 
392 393 394 395 404 405 406 407 
404 405 406 407 416 417 418 419 
416 417 418 419 428 429 430 431 
0 1 2 3 72 73 74 75 
72 73 74 75 144 145 146 147 
144 145 146 147 216 217 218 219 
216 217 218 219 288 289 290 291 
288 289 290 291 360 361 362 363 
2 3 4 5 74 75 76 77 
74 75 76 77 146 147 148 149 
146 147 148 149 218 219 220 221 
218 219 220 221 290 291 292 293 
290 291 292 293 362 363 364 365 
4 5 6 7 76 77 78 79 
76 77 78 79 148 149 150 151 
148 149 150 151 220 221 222 223 
220 221 222 223 292 293 294 295 
292 293 294 295 364 365 366 367 
6 7 8 9 78 79 80 81 
78 79 80 81 150 151 152 153 
150 151 152 153 222 223 224 225 
222 223 224 225 294 295 296 297 
294 295 296 297 366 367 368 369 
8 9 10 11 80 81 82 83 
80 81 82 83 152 153 154 155 
152 153 154 155 224 225 226 227 
224 225 226 227 296 297 298 299 
296 297 298 299 368 369 370 371 
60 61 62 63 132 133 134 135 
132 133 134 135 204 205 206 207 
204 205 206 207 276 277 278 279 
276 277 278 279 348 349 350 351 
348 349 350 351 420 421 422 423 
62 63 64 65 134 135 136 137 
134 135 136 137 206 207 208 209 
206 207 208 209 278 279 280 281 
278 279 280 281 350 351 352 353 
350 351 352 353 422 423 424 425 
64 65 66 67 136 137 138 139 
136 137 138 139 208 209 210 211 
208 209 210 211 280 281 282 283 
280 281 282 283 352 353 354 355 
352 353 354 355 424 425 426 427 
66 67 68 69 138 139 140 141 
138 139 140 141 210 211 212 213 
210 211 212 213 282 283 284 285 
282 283 284 285 354 355 356 357 
354 355 356 357 426 427 428 429 
68 69 70 71 140 141 142 143 
140 141 142 143 212 213 214 215 
212 213 214 215 284 285 286 287 
284 285 286 287 356 357 358 359 
356 357 358 359 428 429 430 431 
0 1 12 13 72 73 84 85 
72 73 84 85 144 145 156 157 
144 145 156 157 216 217 228 229 
216 217 228 229 288 289 300 301 
288 289 300 301 360 361 372 373 
12 13 24 25 84 85 96 97 
84 85 96 97 156 157 168 169 
156 157 168 169 228 229 240 241 
228 229 240 241 300 301 312 313 
300 301 312 313 372 373 384 385 
24 25 36 37 96 97 108 109 
96 97 108 109 168 169 180 181 
168 169 180 181 240 241 252 253 
240 241 252 253 312 313 324 325 
312 313 324 325 384 385 396 397 
36 37 48 49 108 109 120 121 
108 109 120 121 180 181 192 193 
180 181 192 193 252 253 264 265 
252 253 264 265 324 325 336 337 
324 325 336 337 396 397 408 409 
48 49 60 61 120 121 132 133 
120 121 132 133 192 193 204 205 
192 193 204 205 264 265 276 277 
264 265 276 277 336 337 348 349 
336 337 348 349 408 409 420 421 
10 11 22 23 82 83 94 95 
82 83 94 95 154 155 166 167 
154 155 166 167 226 227 238 239 
226 227 238 239 298 299 310 311 
298 299 310 311 370 371 382 383 
22 23 34 35 94 95 106 107 
94 95 106 107 166 167 178 179 
166 167 178 179 238 239 250 251 
238 239 250 251 310 311 322 323 
310 311 322 323 382 383 394 395 
34 35 46 47 106 107 118 119 
106 107 118 119 178 179 190 191 
178 179 190 191 250 251 262 263 
250 251 262 263 322 323 334 335 
322 323 334 335 394 395 406 407 
46 47 58 59 118 119 130 131 
118 119 130 131 190 191 202 203 
190 191 202 203 262 263 274 275 
262 263 274 275 334 335 346 347 
334 335 346 347 406 407 418 419 
58 59 70 71 130 131 142 143 
130 131 142 143 202 203 214 215 
202 203 214 215 274 275 286 287 
274 275 286 287 346 347 358 359 
346 347 358 359 418 419 430 431 
